cffa edfe 0700 0001 0300 0080 0200 0000
0f00 0000 a005 0000 8500 2000 0000 0000
1900 0000 4800 0000 5f5f 5041 4745 5a45
524f 0000 0000 0000 0000 0000 0000 0000
0000 0000 0100 0000 0000 0000 0000 0000
0000 0000 0000 0000 0000 0000 0000 0000
0000 0000 0000 0000 1900 0000 d801 0000
5f5f 5445 5854 0000 0000 0000 0000 0000
0000 0000 0100 0000 0010 0000 0000 0000
0000 0000 0000 0000 0010 0000 0000 0000
0700 0000 0500 0000 0500 0000 0000 0000
5f5f 7465 7874 0000 0000 0000 0000 0000
5f5f 5445 5854 0000 0000 0000 0000 0000
b009 0000 0100 0000 a804 0000 0000 0000
b009 0000 0400 0000 0000 0000 0000 0000
0004 0080 0000 0000 0000 0000 0000 0000
5f5f 7374 7562 7300 0000 0000 0000 0000
5f5f 5445 5854 0000 0000 0000 0000 0000
580e 0000 0100 0000 3000 0000 0000 0000
580e 0000 0100 0000 0000 0000 0000 0000
0804 0080 0000 0000 0600 0000 0000 0000
5f5f 7374 7562 5f68 656c 7065 7200 0000
5f5f 5445 5854 0000 0000 0000 0000 0000
880e 0000 0100 0000 6000 0000 0000 0000
880e 0000 0200 0000 0000 0000 0000 0000
0004 0080 0000 0000 0000 0000 0000 0000
5f5f 6373 7472 696e 6700 0000 0000 0000
5f5f 5445 5854 0000 0000 0000 0000 0000
e80e 0000 0100 0000 c400 0000 0000 0000
e80e 0000 0000 0000 0000 0000 0000 0000
0200 0000 0000 0000 0000 0000 0000 0000
5f5f 756e 7769 6e64 5f69 6e66 6f00 0000
5f5f 5445 5854 0000 0000 0000 0000 0000
ac0f 0000 0100 0000 4800 0000 0000 0000
ac0f 0000 0200 0000 0000 0000 0000 0000
0000 0000 0000 0000 0000 0000 0000 0000
1900 0000 d801 0000 5f5f 4441 5441 0000
0000 0000 0000 0000 0010 0000 0100 0000
0010 0000 0000 0000 0010 0000 0000 0000
0010 0000 0000 0000 0700 0000 0300 0000
0500 0000 0000 0000 5f5f 6e6c 5f73 796d
626f 6c5f 7074 7200 5f5f 4441 5441 0000
0000 0000 0000 0000 0010 0000 0100 0000
1000 0000 0000 0000 0010 0000 0300 0000
0000 0000 0000 0000 0600 0000 0800 0000
0000 0000 0000 0000 5f5f 676f 7400 0000
0000 0000 0000 0000 5f5f 4441 5441 0000
0000 0000 0000 0000 1010 0000 0100 0000
1000 0000 0000 0000 1010 0000 0300 0000
0000 0000 0000 0000 0600 0000 0a00 0000
0000 0000 0000 0000 5f5f 6c61 5f73 796d
626f 6c5f 7074 7200 5f5f 4441 5441 0000
0000 0000 0000 0000 2010 0000 0100 0000
4000 0000 0000 0000 2010 0000 0300 0000
0000 0000 0000 0000 0700 0000 0c00 0000
0000 0000 0000 0000 5f5f 636f 6e73 7400
0000 0000 0000 0000 5f5f 4441 5441 0000
0000 0000 0000 0000 6010 0000 0100 0000
9000 0000 0000 0000 6010 0000 0400 0000
0000 0000 0000 0000 0000 0000 0000 0000
0000 0000 0000 0000 5f5f 636f 6d6d 6f6e
0000 0000 0000 0000 5f5f 4441 5441 0000
0000 0000 0000 0000 f010 0000 0100 0000
0800 0000 0000 0000 0000 0000 0200 0000
0000 0000 0000 0000 0100 0000 0000 0000
0000 0000 0000 0000 1900 0000 4800 0000
5f5f 4c49 4e4b 4544 4954 0000 0000 0000
0020 0000 0100 0000 0010 0000 0000 0000
0020 0000 0000 0000 5806 0000 0000 0000
0700 0000 0100 0000 0000 0000 0000 0000
2200 0080 3000 0000 0020 0000 0800 0000
0820 0000 4800 0000 0000 0000 0000 0000
5020 0000 7800 0000 c820 0000 6000 0000
0200 0000 1800 0000 3021 0000 2e00 0000
6024 0000 f801 0000 0b00 0000 5000 0000
0000 0000 1d00 0000 1d00 0000 0600 0000
2300 0000 0b00 0000 0000 0000 0000 0000
0000 0000 0000 0000 0000 0000 0000 0000
1024 0000 1400 0000 0000 0000 0000 0000
0000 0000 0000 0000 0e00 0000 2000 0000
0c00 0000 2f75 7372 2f6c 6962 2f64 796c
6400 0000 0000 0000 1b00 0000 1800 0000
279d b1bb 5069 30c0 92a0 141b a972 429f
2400 0000 1000 0000 000c 0a00 000c 0a00
2a00 0000 1000 0000 0000 0000 0000 0000
2800 0080 1800 0000 b009 0000 0000 0000
0000 0000 0000 0000 0c00 0000 3800 0000
1800 0000 0200 0000 023c d604 0000 0100
2f75 7372 2f6c 6962 2f6c 6962 5379 7374
656d 2e42 2e64 796c 6962 0000 0000 0000
2600 0000 1000 0000 2821 0000 0800 0000
2900 0000 1000 0000 3021 0000 0000 0000
0000 0000 0000 0000 0000 0000 0000 0000
0000 0000 0000 0000 0000 0000 0000 0000
0000 0000 0000 0000 0000 0000 0000 0000
0000 0000 0000 0000 0000 0000 0000 0000
0000 0000 0000 0000 0000 0000 0000 0000
0000 0000 0000 0000 0000 0000 0000 0000
0000 0000 0000 0000 0000 0000 0000 0000
0000 0000 0000 0000 0000 0000 0000 0000
0000 0000 0000 0000 0000 0000 0000 0000
0000 0000 0000 0000 0000 0000 0000 0000
0000 0000 0000 0000 0000 0000 0000 0000
0000 0000 0000 0000 0000 0000 0000 0000
0000 0000 0000 0000 0000 0000 0000 0000
0000 0000 0000 0000 0000 0000 0000 0000
0000 0000 0000 0000 0000 0000 0000 0000
0000 0000 0000 0000 0000 0000 0000 0000
0000 0000 0000 0000 0000 0000 0000 0000
0000 0000 0000 0000 0000 0000 0000 0000
0000 0000 0000 0000 0000 0000 0000 0000
0000 0000 0000 0000 0000 0000 0000 0000
0000 0000 0000 0000 0000 0000 0000 0000
0000 0000 0000 0000 0000 0000 0000 0000
0000 0000 0000 0000 0000 0000 0000 0000
0000 0000 0000 0000 0000 0000 0000 0000
0000 0000 0000 0000 0000 0000 0000 0000
0000 0000 0000 0000 0000 0000 0000 0000
0000 0000 0000 0000 0000 0000 0000 0000
0000 0000 0000 0000 0000 0000 0000 0000
0000 0000 0000 0000 0000 0000 0000 0000
0000 0000 0000 0000 0000 0000 0000 0000
0000 0000 0000 0000 0000 0000 0000 0000
0000 0000 0000 0000 0000 0000 0000 0000
0000 0000 0000 0000 0000 0000 0000 0000
0000 0000 0000 0000 0000 0000 0000 0000
0000 0000 0000 0000 0000 0000 0000 0000
0000 0000 0000 0000 0000 0000 0000 0000
0000 0000 0000 0000 0000 0000 0000 0000
0000 0000 0000 0000 0000 0000 0000 0000
0000 0000 0000 0000 0000 0000 0000 0000
0000 0000 0000 0000 0000 0000 0000 0000
0000 0000 0000 0000 0000 0000 0000 0000
0000 0000 0000 0000 0000 0000 0000 0000
0000 0000 0000 0000 0000 0000 0000 0000
0000 0000 0000 0000 0000 0000 0000 0000
0000 0000 0000 0000 0000 0000 0000 0000
0000 0000 0000 0000 0000 0000 0000 0000
0000 0000 0000 0000 0000 0000 0000 0000
0000 0000 0000 0000 0000 0000 0000 0000
0000 0000 0000 0000 0000 0000 0000 0000
0000 0000 0000 0000 0000 0000 0000 0000
0000 0000 0000 0000 0000 0000 0000 0000
0000 0000 0000 0000 0000 0000 0000 0000
0000 0000 0000 0000 0000 0000 0000 0000
0000 0000 0000 0000 0000 0000 0000 0000
0000 0000 0000 0000 0000 0000 0000 0000
0000 0000 0000 0000 0000 0000 0000 0000
0000 0000 0000 0000 0000 0000 0000 0000
0000 0000 0000 0000 0000 0000 0000 0000
0000 0000 0000 0000 0000 0000 0000 0000
0000 0000 0000 0000 0000 0000 0000 0000
0000 0000 0000 0000 0000 0000 0000 0000
0000 0000 0000 0000 0000 0000 0000 0000
0000 0000 0000 0000 0000 0000 0000 0000
5548 89e5 4881 ece0 0600 0048 8b05 4e06
0000 488b 0048 8945 f8c7 858c f9ff ff00
0000 00b0 00e8 6604 0000 488d 0d0f 0700
0048 8d15 7806 0000 be68 0000 0089 f74c
8d85 a0fa ffff 4889 bd68 f9ff ff4c 89c7
4889 d648 8b95 68f9 ffff 4889 8d60 f9ff
ffe8 4e04 0000 488b 0db3 0600 0048 898d
80fa ffff 488b 0dad 0600 0048 898d 88fa
ffff 488b 0da7 0600 0048 898d 90fa ffff
488b 0da1 0600 0048 898d 98fa ffff 488b
8d60 f9ff ffc7 0100 0000 0048 8d05 8e06
0000 8338 340f 8dbc 0000 0048 8d85 10fb
ffff 488d 0d77 0600 00ba 0d00 0000 8b31
4889 8558 f9ff ff89 f089 9554 f9ff ff99
8bb5 54f9 ffff f7fe 4863 3948 6bff 184c
8b85 58f9 ffff 4901 f841 8950 108b 1189
d099 f7fe 4863 3948 6bff 184c 8b85 58f9
ffff 4901 f841 8940 148b 0199 f7fe 4863
fa48 8bbc fda0 faff ff4c 6301 4d6b c018
4c8b 8d58 f9ff ff4d 01c1 4989 398b 1189
d099 f7fe 4863 f848 8bbc fd80 faff ff48
6309 486b c918 4c8b 8558 f9ff ff49 01c8
4989 7808 488d 05d5 0500 008b 0883 c101
8908 e934 ffff ff48 8d05 c205 0000 c700
0000 0000 488d 05b5 0500 0083 3834 0f8d
cd00 0000 e82d 0300 0048 8d8d 10fb ffff
488d 159d 0500 0048 8d35 9205 0000 bf34
0000 0048 8995 48f9 ffff 99f7 ff4c 8b85
48f9 ffff 4189 104c 630e 4d6b c918 4989
ca4d 01ca 4d8b 0a4c 898d 70f9 ffff 4d8b
4a08 4c89 8d78 f9ff ff4d 8b4a 104c 898d
80f9 ffff 4863 3648 6bf6 1849 89c9 4901
f149 6330 486b f618 4989 ca49 01f2 498b
3249 8931 498b 7208 4989 7108 498b 7210
4989 7110 4963 3048 6bf6 1848 01f1 488b
b570 f9ff ff48 8931 488b b578 f9ff ff48
8971 0848 8bb5 80f9 ffff 4889 7110 488d
05eb 0400 008b 0883 c101 8908 e923 ffff
ff48 8d35 2e03 0000 488b 05f9 0300 0048
8b38 b000 e835 0200 0048 8d35 c004 0000
c706 0000 0000 8985 44f9 ffff 488d 05ad
0400 0083 380b 0f8d 9100 0000 488d 3525
0300 0048 8d85 90f9 ffff 488d 0d8f 0400
0048 8b15 b003 0000 488d bd10 fbff ff4c
6301 4d6b c018 4989 c14d 01c1 4c63 014d
6bc0 184c 01c7 4c8b 074d 8901 4c8b 4708
4d89 4108 488b 7f10 4989 7910 488b 3a48
6311 486b d218 4989 c049 01d0 498b 1048
6309 486b c918 4801 c848 8b48 08b0 00e8
9a01 0000 8985 40f9 ffff 488d 051f 0400
008b 0883 c101 8908 e95f ffff ff48 8d3d
a202 0000 e881 0100 00b9 0a00 0000 89ce
b918 0000 0089 ca48 8d0d f200 0000 488d
bd90 f9ff ff89 853c f9ff ffe8 6001 0000
488d 3d71 0200 00e8 4e01 0000 488d 0dcd
0300 00c7 0100 0000 0089 8538 f9ff ff48
8d05 ba03 0000 8338 0b0f 8d5d 0000 0048
8d35 3202 0000 488d 8590 f9ff ff48 8d0d
9c03 0000 488b 15bd 0200 0048 8b3a 4863
1148 6bd2 1849 89c0 4901 d049 8b10 4863
0948 6bc9 1848 01c8 488b 4808 b000 e8db
0000 0089 8534 f9ff ff48 8d05 6003 0000
8b08 83c1 0189 08e9 93ff ffff 488d 3de3
0100 00e8 c200 0000 8b8d 8cf9 ffff 488b
3d5b 0200 0048 8b3f 488b 55f8 4839 d789
8530 f9ff ff89 8d2c f9ff ff0f 850f 0000
008b 852c f9ff ff48 81c4 e006 0000 5dc3
e873 0000 0090 9090 9090 9090 9090 9090
5548 89e5 4889 7df0 4889 75e8 488b 75f0
8b46 1048 8b75 e82b 4610 83f8 000f 8416
0000 0048 8b45 f08b 4814 488b 45e8 2b48
1489 4dfc e911 0000 0048 8b45 f08b 4810
488b 45e8 2b48 1089 4dfc 8b45 fc5d c390
5548 89e5 31c0 89c7 e835 0000 0089 c189
cfe8 2600 0000 5dc3 ff25 c201 0000 ff25
c401 0000 ff25 c601 0000 ff25 c801 0000
ff25 ca01 0000 ff25 cc01 0000 ff25 ce01
0000 ff25 d001 0000 4c8d 1d79 0100 0041
53ff 2569 0100 0090 6800 0000 00e9 e6ff
ffff 6818 0000 00e9 dcff ffff 6827 0000
00e9 d2ff ffff 6835 0000 00e9 c8ff ffff
6841 0000 00e9 beff ffff 684e 0000 00e9
b4ff ffff 685a 0000 00e9 aaff ffff 6867
0000 00e9 a0ff ffff 4163 6500 4b69 6e67
0051 7565 656e 004a 6163 6b00 5465 6e00
4e69 6e65 0045 6967 6874 0053 6576 656e
0053 6978 0046 6976 6500 466f 7572 0054
6872 6565 0054 776f 0043 6c75 6273 0044
6961 6d6f 6e64 7300 4865 6172 7473 0053
7061 6465 7300 0a54 6865 2066 6f6c 6c6f
7769 6e67 2069 7320 6120 2772 616e 646f
6d27 2068 616e 6420 6f66 2074 656e 2063
6172 6473 2e0a 0a00 2531 3073 206f 6620
252d 3573 0a00 0a00 0a2e 202e 202e 2068
6572 6520 636f 6d65 7320 7468 6520 736f
7274 6564 2068 616e 6421 0a00 0100 0000
1c00 0000 0000 0000 1c00 0000 0000 0000
1c00 0000 0200 0000 b009 0000 3400 0000
3400 0000 590e 0000 0000 0000 3400 0000
0300 0000 0c00 0100 1000 0100 0000 0000
0000 0001 0000 0000 0000 0000 0000 0000
0000 0000 0000 0000 0000 0000 0000 0000
0000 0000 0000 0000 0000 0000 0000 0000
980e 0000 0100 0000 a20e 0000 0100 0000
ac0e 0000 0100 0000 b60e 0000 0100 0000
c00e 0000 0100 0000 ca0e 0000 0100 0000
d40e 0000 0100 0000 de0e 0000 0100 0000
e80e 0000 0100 0000 ec0e 0000 0100 0000
f10e 0000 0100 0000 f70e 0000 0100 0000
fc0e 0000 0100 0000 000f 0000 0100 0000
050f 0000 0100 0000 0b0f 0000 0100 0000
110f 0000 0100 0000 150f 0000 0100 0000
1a0f 0000 0100 0000 1f0f 0000 0100 0000
250f 0000 0100 0000 0000 0000 0000 0000
290f 0000 0100 0000 2f0f 0000 0100 0000
380f 0000 0100 0000 3f0f 0000 0100 0000
0000 0000 0000 0000 0000 0000 0000 0000
0000 0000 0000 0000 0000 0000 0000 0000
0000 0000 0000 0000 0000 0000 0000 0000
0000 0000 0000 0000 0000 0000 0000 0000
0000 0000 0000 0000 0000 0000 0000 0000
0000 0000 0000 0000 0000 0000 0000 0000
0000 0000 0000 0000 0000 0000 0000 0000
0000 0000 0000 0000 0000 0000 0000 0000
0000 0000 0000 0000 0000 0000 0000 0000
0000 0000 0000 0000 0000 0000 0000 0000
0000 0000 0000 0000 0000 0000 0000 0000
0000 0000 0000 0000 0000 0000 0000 0000
0000 0000 0000 0000 0000 0000 0000 0000
0000 0000 0000 0000 0000 0000 0000 0000
0000 0000 0000 0000 0000 0000 0000 0000
0000 0000 0000 0000 0000 0000 0000 0000
0000 0000 0000 0000 0000 0000 0000 0000
0000 0000 0000 0000 0000 0000 0000 0000
0000 0000 0000 0000 0000 0000 0000 0000
0000 0000 0000 0000 0000 0000 0000 0000
0000 0000 0000 0000 0000 0000 0000 0000
0000 0000 0000 0000 0000 0000 0000 0000
0000 0000 0000 0000 0000 0000 0000 0000
0000 0000 0000 0000 0000 0000 0000 0000
0000 0000 0000 0000 0000 0000 0000 0000
0000 0000 0000 0000 0000 0000 0000 0000
0000 0000 0000 0000 0000 0000 0000 0000
0000 0000 0000 0000 0000 0000 0000 0000
0000 0000 0000 0000 0000 0000 0000 0000
0000 0000 0000 0000 0000 0000 0000 0000
0000 0000 0000 0000 0000 0000 0000 0000
0000 0000 0000 0000 0000 0000 0000 0000
0000 0000 0000 0000 0000 0000 0000 0000
0000 0000 0000 0000 0000 0000 0000 0000
0000 0000 0000 0000 0000 0000 0000 0000
0000 0000 0000 0000 0000 0000 0000 0000
0000 0000 0000 0000 0000 0000 0000 0000
0000 0000 0000 0000 0000 0000 0000 0000
0000 0000 0000 0000 0000 0000 0000 0000
0000 0000 0000 0000 0000 0000 0000 0000
0000 0000 0000 0000 0000 0000 0000 0000
0000 0000 0000 0000 0000 0000 0000 0000
0000 0000 0000 0000 0000 0000 0000 0000
0000 0000 0000 0000 0000 0000 0000 0000
0000 0000 0000 0000 0000 0000 0000 0000
0000 0000 0000 0000 0000 0000 0000 0000
0000 0000 0000 0000 0000 0000 0000 0000
0000 0000 0000 0000 0000 0000 0000 0000
0000 0000 0000 0000 0000 0000 0000 0000
0000 0000 0000 0000 0000 0000 0000 0000
0000 0000 0000 0000 0000 0000 0000 0000
0000 0000 0000 0000 0000 0000 0000 0000
0000 0000 0000 0000 0000 0000 0000 0000
0000 0000 0000 0000 0000 0000 0000 0000
0000 0000 0000 0000 0000 0000 0000 0000
0000 0000 0000 0000 0000 0000 0000 0000
0000 0000 0000 0000 0000 0000 0000 0000
0000 0000 0000 0000 0000 0000 0000 0000
0000 0000 0000 0000 0000 0000 0000 0000
0000 0000 0000 0000 0000 0000 0000 0000
0000 0000 0000 0000 0000 0000 0000 0000
0000 0000 0000 0000 0000 0000 0000 0000
0000 0000 0000 0000 0000 0000 0000 0000
0000 0000 0000 0000 0000 0000 0000 0000
0000 0000 0000 0000 0000 0000 0000 0000
0000 0000 0000 0000 0000 0000 0000 0000
0000 0000 0000 0000 0000 0000 0000 0000
0000 0000 0000 0000 0000 0000 0000 0000
0000 0000 0000 0000 0000 0000 0000 0000
0000 0000 0000 0000 0000 0000 0000 0000
0000 0000 0000 0000 0000 0000 0000 0000
0000 0000 0000 0000 0000 0000 0000 0000
0000 0000 0000 0000 0000 0000 0000 0000
0000 0000 0000 0000 0000 0000 0000 0000
0000 0000 0000 0000 0000 0000 0000 0000
0000 0000 0000 0000 0000 0000 0000 0000
0000 0000 0000 0000 0000 0000 0000 0000
0000 0000 0000 0000 0000 0000 0000 0000
0000 0000 0000 0000 0000 0000 0000 0000
0000 0000 0000 0000 0000 0000 0000 0000
0000 0000 0000 0000 0000 0000 0000 0000
0000 0000 0000 0000 0000 0000 0000 0000
0000 0000 0000 0000 0000 0000 0000 0000
0000 0000 0000 0000 0000 0000 0000 0000
0000 0000 0000 0000 0000 0000 0000 0000
0000 0000 0000 0000 0000 0000 0000 0000
0000 0000 0000 0000 0000 0000 0000 0000
0000 0000 0000 0000 0000 0000 0000 0000
0000 0000 0000 0000 0000 0000 0000 0000
0000 0000 0000 0000 0000 0000 0000 0000
0000 0000 0000 0000 0000 0000 0000 0000
0000 0000 0000 0000 0000 0000 0000 0000
0000 0000 0000 0000 0000 0000 0000 0000
0000 0000 0000 0000 0000 0000 0000 0000
0000 0000 0000 0000 0000 0000 0000 0000
0000 0000 0000 0000 0000 0000 0000 0000
0000 0000 0000 0000 0000 0000 0000 0000
0000 0000 0000 0000 0000 0000 0000 0000
0000 0000 0000 0000 0000 0000 0000 0000
0000 0000 0000 0000 0000 0000 0000 0000
0000 0000 0000 0000 0000 0000 0000 0000
0000 0000 0000 0000 0000 0000 0000 0000
0000 0000 0000 0000 0000 0000 0000 0000
0000 0000 0000 0000 0000 0000 0000 0000
0000 0000 0000 0000 0000 0000 0000 0000
0000 0000 0000 0000 0000 0000 0000 0000
0000 0000 0000 0000 0000 0000 0000 0000
0000 0000 0000 0000 0000 0000 0000 0000
0000 0000 0000 0000 0000 0000 0000 0000
0000 0000 0000 0000 0000 0000 0000 0000
0000 0000 0000 0000 0000 0000 0000 0000
0000 0000 0000 0000 0000 0000 0000 0000
0000 0000 0000 0000 0000 0000 0000 0000
0000 0000 0000 0000 0000 0000 0000 0000
0000 0000 0000 0000 0000 0000 0000 0000
0000 0000 0000 0000 0000 0000 0000 0000
0000 0000 0000 0000 0000 0000 0000 0000
0000 0000 0000 0000 0000 0000 0000 0000
0000 0000 0000 0000 0000 0000 0000 0000
0000 0000 0000 0000 0000 0000 0000 0000
0000 0000 0000 0000 0000 0000 0000 0000
0000 0000 0000 0000 0000 0000 0000 0000
0000 0000 0000 0000 0000 0000 0000 0000
0000 0000 0000 0000 0000 0000 0000 0000
0000 0000 0000 0000 0000 0000 0000 0000
0000 0000 0000 0000 0000 0000 0000 0000
0000 0000 0000 0000 0000 0000 0000 0000
0000 0000 0000 0000 0000 0000 0000 0000
0000 0000 0000 0000 0000 0000 0000 0000
0000 0000 0000 0000 0000 0000 0000 0000
0000 0000 0000 0000 0000 0000 0000 0000
0000 0000 0000 0000 0000 0000 0000 0000
0000 0000 0000 0000 0000 0000 0000 0000
0000 0000 0000 0000 0000 0000 0000 0000
0000 0000 0000 0000 0000 0000 0000 0000
0000 0000 0000 0000 0000 0000 0000 0000
0000 0000 0000 0000 0000 0000 0000 0000
0000 0000 0000 0000 0000 0000 0000 0000
0000 0000 0000 0000 0000 0000 0000 0000
0000 0000 0000 0000 0000 0000 0000 0000
0000 0000 0000 0000 0000 0000 0000 0000
0000 0000 0000 0000 0000 0000 0000 0000
0000 0000 0000 0000 0000 0000 0000 0000
0000 0000 0000 0000 0000 0000 0000 0000
0000 0000 0000 0000 0000 0000 0000 0000
0000 0000 0000 0000 0000 0000 0000 0000
0000 0000 0000 0000 0000 0000 0000 0000
0000 0000 0000 0000 0000 0000 0000 0000
0000 0000 0000 0000 0000 0000 0000 0000
0000 0000 0000 0000 0000 0000 0000 0000
0000 0000 0000 0000 0000 0000 0000 0000
0000 0000 0000 0000 0000 0000 0000 0000
0000 0000 0000 0000 0000 0000 0000 0000
0000 0000 0000 0000 0000 0000 0000 0000
0000 0000 0000 0000 0000 0000 0000 0000
0000 0000 0000 0000 0000 0000 0000 0000
0000 0000 0000 0000 0000 0000 0000 0000
0000 0000 0000 0000 0000 0000 0000 0000
0000 0000 0000 0000 0000 0000 0000 0000
0000 0000 0000 0000 0000 0000 0000 0000
0000 0000 0000 0000 0000 0000 0000 0000
0000 0000 0000 0000 0000 0000 0000 0000
0000 0000 0000 0000 0000 0000 0000 0000
0000 0000 0000 0000 0000 0000 0000 0000
0000 0000 0000 0000 0000 0000 0000 0000
0000 0000 0000 0000 0000 0000 0000 0000
0000 0000 0000 0000 0000 0000 0000 0000
0000 0000 0000 0000 0000 0000 0000 0000
0000 0000 0000 0000 0000 0000 0000 0000
0000 0000 0000 0000 0000 0000 0000 0000
0000 0000 0000 0000 0000 0000 0000 0000
0000 0000 0000 0000 0000 0000 0000 0000
0000 0000 0000 0000 0000 0000 0000 0000
0000 0000 0000 0000 0000 0000 0000 0000
0000 0000 0000 0000 0000 0000 0000 0000
0000 0000 0000 0000 0000 0000 0000 0000
0000 0000 0000 0000 0000 0000 0000 0000
0000 0000 0000 0000 0000 0000 0000 0000
0000 0000 0000 0000 0000 0000 0000 0000
0000 0000 0000 0000 0000 0000 0000 0000
0000 0000 0000 0000 0000 0000 0000 0000
0000 0000 0000 0000 0000 0000 0000 0000
0000 0000 0000 0000 0000 0000 0000 0000
0000 0000 0000 0000 0000 0000 0000 0000
0000 0000 0000 0000 0000 0000 0000 0000
0000 0000 0000 0000 0000 0000 0000 0000
0000 0000 0000 0000 0000 0000 0000 0000
0000 0000 0000 0000 0000 0000 0000 0000
0000 0000 0000 0000 0000 0000 0000 0000
0000 0000 0000 0000 0000 0000 0000 0000
0000 0000 0000 0000 0000 0000 0000 0000
0000 0000 0000 0000 0000 0000 0000 0000
0000 0000 0000 0000 0000 0000 0000 0000
0000 0000 0000 0000 0000 0000 0000 0000
0000 0000 0000 0000 0000 0000 0000 0000
0000 0000 0000 0000 0000 0000 0000 0000
0000 0000 0000 0000 0000 0000 0000 0000
0000 0000 0000 0000 0000 0000 0000 0000
0000 0000 0000 0000 0000 0000 0000 0000
0000 0000 0000 0000 0000 0000 0000 0000
0000 0000 0000 0000 0000 0000 0000 0000
0000 0000 0000 0000 0000 0000 0000 0000
0000 0000 0000 0000 0000 0000 0000 0000
0000 0000 0000 0000 0000 0000 0000 0000
0000 0000 0000 0000 0000 0000 0000 0000
0000 0000 0000 0000 0000 0000 0000 0000
0000 0000 0000 0000 0000 0000 0000 0000
0000 0000 0000 0000 0000 0000 0000 0000
0000 0000 0000 0000 0000 0000 0000 0000
0000 0000 0000 0000 0000 0000 0000 0000
0000 0000 0000 0000 0000 0000 0000 0000
0000 0000 0000 0000 0000 0000 0000 0000
0000 0000 0000 0000 0000 0000 0000 0000
0000 0000 0000 0000 0000 0000 0000 0000
0000 0000 0000 0000 0000 0000 0000 0000
0000 0000 0000 0000 0000 0000 0000 0000
0000 0000 0000 0000 0000 0000 0000 0000
0000 0000 0000 0000 0000 0000 0000 0000
0000 0000 0000 0000 0000 0000 0000 0000
0000 0000 0000 0000 0000 0000 0000 0000
0000 0000 0000 0000 0000 0000 0000 0000
0000 0000 0000 0000 0000 0000 0000 0000
0000 0000 0000 0000 0000 0000 0000 0000
0000 0000 0000 0000 0000 0000 0000 0000
0000 0000 0000 0000 0000 0000 0000 0000
0000 0000 0000 0000 0000 0000 0000 0000
0000 0000 0000 0000 0000 0000 0000 0000
0000 0000 0000 0000 0000 0000 0000 0000
0000 0000 0000 0000 0000 0000 0000 0000
0000 0000 0000 0000 0000 0000 0000 0000
0000 0000 0000 0000 0000 0000 0000 0000
0000 0000 0000 0000 0000 0000 0000 0000
0000 0000 0000 0000 0000 0000 0000 0000
0000 0000 0000 0000 0000 0000 0000 0000
0000 0000 0000 0000 0000 0000 0000 0000
0000 0000 0000 0000 0000 0000 0000 0000
0000 0000 0000 0000 0000 0000 0000 0000
0000 0000 0000 0000 0000 0000 0000 0000
0000 0000 0000 0000 0000 0000 0000 0000
0000 0000 0000 0000 0000 0000 0000 0000
0000 0000 0000 0000 0000 0000 0000 0000
1122 2060 1541 5400 1140 5f5f 5f73 7461
636b 5f63 686b 5f67 7561 7264 0051 7210
9040 5f5f 5f73 7464 6f75 7470 0090 4064
796c 645f 7374 7562 5f62 696e 6465 7200
80e0 ffff ffff ffff ffff 0190 0000 0000
7220 1140 5f5f 5f73 7461 636b 5f63 686b
5f66 6169 6c00 9000 7228 1140 5f66 7072
696e 7466 0090 0072 3011 405f 6d65 6d63
7079 0090 0072 3811 405f 7075 7473 0090
0072 4011 405f 7173 6f72 7400 9000 7248
1140 5f72 616e 6400 9000 7250 1140 5f73
7261 6e64 0090 0072 5811 405f 7469 6d65
0090 0000 0000 0000 0001 5f00 0500 055f
6d68 5f65 7865 6375 7465 5f68 6561 6465
7200 2e6d 6100 3263 6f6d 7061 7265 0045
6900 4f6a 0054 0200 0000 0002 696e 0040
6b65 7365 6564 004a 0300 b013 0003 00f0
1b00 0300 c01c 0003 00f0 2100 0300 f421
0000 0000 0000 0000 b013 c008 5000 0000
a700 0000 6400 0000 0000 0000 0000 0000
d700 0000 6400 0000 0000 0000 0000 0000
dd00 0000 6603 0100 db7e 185a 0000 0000
0100 0000 2e01 0000 b009 0000 0100 0000
1201 0000 2401 0000 b009 0000 0100 0000
1801 0000 8400 0000 0000 0000 0000 0000
0100 0000 2400 0000 3504 0000 0000 0000
0100 0000 4e01 0000 3504 0000 0000 0000
2801 0000 2000 0000 0000 0000 0000 0000
2b01 0000 2000 0000 0000 0000 0000 0000
0100 0000 6401 0000 0000 0000 0000 0000
a700 0000 6400 0000 0000 0000 0000 0000
2e01 0000 6400 0000 0000 0000 0000 0000
3801 0000 6603 0100 db7e 185a 0000 0000
0100 0000 2e01 0000 f00d 0000 0100 0000
7101 0000 2401 0000 f00d 0000 0100 0000
7a01 0000 8400 0000 0000 0000 0000 0000
0100 0000 2400 0000 4f00 0000 0000 0000
0100 0000 4e01 0000 4f00 0000 0000 0000
0100 0000 6401 0000 0000 0000 0000 0000
a700 0000 6400 0000 0000 0000 0000 0000
8e01 0000 6400 0000 0000 0000 0000 0000
9901 0000 6603 0100 db7e 185a 0000 0000
0100 0000 2e01 0000 400e 0000 0100 0000
d301 0000 2401 0000 400e 0000 0100 0000
dd01 0000 8400 0000 0000 0000 0000 0000
0100 0000 2400 0000 1800 0000 0000 0000
0100 0000 4e01 0000 1800 0000 0000 0000
0100 0000 6401 0000 0000 0000 0000 0000
0200 0000 0f01 1000 0000 0000 0100 0000
1600 0000 0f01 0000 f00d 0000 0100 0000
1f00 0000 0f0a 0000 f010 0000 0100 0000
2200 0000 0f0a 0000 f410 0000 0100 0000
2500 0000 0f01 0000 b009 0000 0100 0000
2b00 0000 0f01 0000 400e 0000 0100 0000
3500 0000 0100 0001 0000 0000 0000 0000
4700 0000 0100 0001 0000 0000 0000 0000
5a00 0000 0100 0001 0000 0000 0000 0000
6500 0000 0100 0001 0000 0000 0000 0000
6e00 0000 0100 0001 0000 0000 0000 0000
7600 0000 0100 0001 0000 0000 0000 0000
7c00 0000 0100 0001 0000 0000 0000 0000
8300 0000 0100 0001 0000 0000 0000 0000
8900 0000 0100 0001 0000 0000 0000 0000
9000 0000 0100 0001 0000 0000 0000 0000
9600 0000 0100 0001 0000 0000 0000 0000
2300 0000 2600 0000 2700 0000 2800 0000
2900 0000 2a00 0000 2b00 0000 2c00 0000
2d00 0000 0000 0040 2400 0000 2500 0000
2300 0000 2600 0000 2700 0000 2800 0000
2900 0000 2a00 0000 2b00 0000 2c00 0000
2000 5f5f 6d68 5f65 7865 6375 7465 5f68
6561 6465 7200 5f63 6f6d 7061 7265 005f
6900 5f6a 005f 6d61 696e 005f 6d61 6b65
7365 6564 005f 5f5f 7374 6163 6b5f 6368
6b5f 6661 696c 005f 5f5f 7374 6163 6b5f
6368 6b5f 6775 6172 6400 5f5f 5f73 7464
6f75 7470 005f 6670 7269 6e74 6600 5f6d
656d 6370 7900 5f70 7574 7300 5f71 736f
7274 005f 7261 6e64 005f 7372 616e 6400
5f74 696d 6500 6479 6c64 5f73 7475 625f
6269 6e64 6572 002f 5573 6572 732f 6a6f
616e 6e65 7761 7264 656c 6c2f 6574 632f
4353 3333 3335 2f68 7731 302f 7372 635f
6669 6c65 732f 0061 7070 2e63 002f 5573
6572 732f 6a6f 616e 6e65 7761 7264 656c
6c2f 6574 632f 4353 3333 3335 2f68 7731
302f 6f62 6a5f 6669 6c65 732f 6170 702e
6f00 5f6d 6169 6e00 7372 635f 6669 6c65
732f 6170 702e 6300 5f69 005f 6a00 636f
6d70 6172 652e 6300 2f55 7365 7273 2f6a
6f61 6e6e 6577 6172 6465 6c6c 2f65 7463
2f43 5333 3333 352f 6877 3130 2f6f 626a
5f66 696c 6573 2f63 6f6d 7061 7265 2e6f
005f 636f 6d70 6172 6500 7372 635f 6669
6c65 732f 636f 6d70 6172 652e 6300 6d61
6b65 7365 6564 2e63 002f 5573 6572 732f
6a6f 616e 6e65 7761 7264 656c 6c2f 6574
632f 4353 3333 3335 2f68 7731 302f 6f62
6a5f 6669 6c65 732f 6d61 6b65 7365 6564
2e6f 005f 6d61 6b65 7365 6564 0073 7263
5f66 696c 6573 2f6d 616b 6573 6565 642e
6300 0000 0000 0000 